0.16039	-0.00038769	0.17125	0.19472	-0.010231	-0.39794	0.20536	-0.30323	0.077331	-0.52671	0.40167	-0.13908	0.72344	0.2716	0.22699	0.12812	0.42777	-0.24616	0.46097	-0.068192	0.020598	0.21403	0.3946	0.012891	-0.23787	-0.25033	-0.013921	-0.33903	-0.15954	-0.15201	0.24109	-0.32246	0.00083589	-0.42281	0.19439	0.0091464	0.33307	0.035648	0.2904	0.14283
0.067053	-0.076013	0.007483	0.062744	-0.081147	-0.38818	0.097299	-0.33029	-0.024861	-0.47459	0.17914	-0.18554	0.22179	0.017276	0.074272	-0.0176	0.14452	-0.30441	0.23126	-0.1356	-0.035347	0.061235	0.17239	-0.065114	-0.24838	-0.26242	-0.18176	-0.38393	-0.056678	-0.19437	0.051289	-0.32108	-0.037168	-0.31492	0.10799	-0.054976	0.2235	0.020684	0.027361	-0.024806
0.092738	0.0040694	-0.012928	0.041874	-0.051398	-0.20813	0.016279	-0.18673	-0.045364	-0.24364	0.026007	-0.1264	-0.17096	-0.042023	-0.011456	-0.036009	0.019588	-0.29741	0.19275	-0.11521	-0.022471	0.054817	0.13878	-0.018404	-0.19049	-0.24337	-0.28655	-0.21739	-0.051687	-0.20271	-0.064215	-0.19946	-0.032124	-0.28007	0.10637	0.046869	0.22898	-0.1314	0.15536	-0.11741
0.034687	0.22706	-0.0027643	0.2846	-0.016938	0.034211	-0.0043565	0.064459	-0.1131	-0.08775	0.0074771	0.077805	-0.42041	0.12065	-0.007606	0.22977	-0.065974	-0.029497	0.13526	0.11795	0.050666	0.18679	0.15629	0.096864	0.010689	0.0059928	-0.29963	0.083367	-0.044916	-0.022454	-0.032621	0.022254	0.044585	-0.039672	0.16648	0.30281	0.066131	0.043793	0.0046898	0.0633
0.09171	0.19392	0.070846	0.25744	-0.0012476	0.030469	-0.096143	0.087764	-0.095829	-0.096252	-0.11389	0.033856	-0.72726	0.069236	-0.026572	0.13656	-0.093561	-0.022388	0.15856	0.07221	0.11211	0.030488	0.16894	0.12445	0.18973	-0.078067	-0.36208	0.13063	0.0012759	-0.076499	-0.08723	0.021283	-0.0018213	-0.070056	0.23971	0.24782	0.098826	0.033826	0.037279	0.070948
-0.64734	-0.26659	0.15114	-0.023932	-0.05267	-0.16016	-0.037596	-0.044379	-0.1208	-0.2513	-0.12669	-0.14856	-1.0438	-0.035434	-0.054399	-0.024435	-0.12512	-0.21638	0.17772	-0.086495	0.10189	-0.27496	-0.50743	0.16225	0.4461	-0.25134	-1.0525	-1.7225	0.067456	-0.38332	0.034971	0.17814	0.025612	-0.23658	0.28906	0.017829	0.16275	-0.16687	0.0042476	-0.16721
0.10644	0.078488	0.04373	0.14567	0.044553	-0.16151	0.12487	-0.1974	0.020811	-0.21074	0.19649	-0.045291	0.42876	0.31842	0.07881	0.089618	0.20257	-0.095701	0.13938	0.028544	-0.036349	0.13853	0.15897	0.10856	-0.51212	-0.10408	0.034766	-0.17562	-0.12243	-0.023858	0.066664	-0.21872	0.0076429	-0.22456	0.073046	0.10626	0.097993	0.11412	0.031214	0.28926
0.048265	-0.0096137	-0.076106	-0.097254	-0.04902	-0.21374	-0.021387	-0.19288	-0.13583	-0.21963	0.045756	-0.17182	-0.015333	0.062939	-0.031475	-0.10357	-0.0074849	-0.20732	-0.022213	-0.060422	-0.12607	0.01114	0.10085	-0.074088	-0.53955	-0.18221	-0.1636	-0.20483	-0.13537	-0.098174	-0.046579	-0.2428	-0.10269	-0.28301	-0.070277	0.0099876	-0.049292	0.0032554	-0.14416	0.091818
0.035421	0.065701	-0.10836	0.017421	-0.01937	-0.11874	-0.041347	-0.084264	-0.048603	-0.01928	-0.073935	-0.099696	-0.31188	0.038392	-0.13053	-0.010827	-0.10865	-0.14791	-0.086817	-0.022642	-0.07645	0.014457	0.046155	0.007695	3.2217	3.4458	-0.16765	-0.0742	-0.065811	-0.072127	-0.10867	-0.11032	-0.12183	-0.16352	-0.033252	0.050773	-0.082118	-0.030475	-0.0019502	0.023863
0.11773	0.19311	-0.080112	0.1961	0.0011085	0.043162	-0.083742	0.13587	-0.051555	0.058798	-0.037245	0.16937	-0.50307	0.19226	-0.073178	0.15981	-0.10594	0.005784	0.015205	0.17917	-0.016116	0.20184	0.066124	0.17957	-0.1796	0.13211	-0.17387	0.14837	-0.031884	0.10111	-0.063043	0.16353	0.0041611	0.025721	0.070991	0.27894	-0.0079559	0.11699	0.030472	0.11553
0.13433	0.16767	-0.019527	0.11376	0.010454	0.029736	-0.054684	0.072878	-0.02067	0.025587	-0.1137	0.030403	-0.77811	0.15627	-0.036364	0.09325	-0.14676	-0.018936	-0.39721	-1.0733	-0.034811	0.023654	0.070685	0.10752	0.0688	-0.0022761	-0.21039	0.14265	0.049264	0.014723	-0.025301	0.079322	-0.02784	-0.024919	0.15707	0.25264	0.029275	0.0095162	0.024474	0.010799
0.16735	-0.00097326	0.11595	-0.08731	0.004879	-0.10649	-0.022998	-0.01237	-0.11407	-0.18194	-0.12052	-0.12538	-1.0657	0.026967	-0.073482	-0.10288	1.3392	1.5742	0.023238	-0.11751	0.037731	-0.26303	0.097417	-0.098345	0.22288	-0.2676	3.975	2.0604	0.019098	-0.22457	-0.054211	-0.050036	0.050894	-0.13746	-2.8665	-3.6915	0.039602	-0.29757	-0.00825	-0.20105
0.092249	0.082025	-0.047696	0.090463	0.023896	-0.022981	0.072255	-0.091999	0.031129	-0.041559	0.15924	-0.042081	0.24735	0.31871	0.027258	0.106	0.092483	0.017741	-0.075626	0.089984	-0.0749	0.20139	0.024455	0.15417	-0.73471	-0.037286	0.041346	-0.19326	-0.038196	0.0060258	0.076132	-0.17385	-0.048712	-0.12658	-0.054703	0.026985	-0.021644	0.2487	0.029693	0.22933
0.072423	0.019111	-0.064357	-0.11935	0.051647	-0.15942	-0.0022198	-0.10743	-0.034829	-0.055862	-0.0034626	-0.12052	-0.086066	0.077812	0.016435	-0.099145	-0.057327	-0.11163	-0.15669	0.016243	-0.11119	-0.045988	-0.027149	-0.077715	-0.67408	-0.033628	0.017475	-0.18196	-0.0099915	-0.074886	-0.053877	-0.12025	-0.11088	-0.19483	-0.092332	-0.0011197	-0.13194	-0.0062435	-0.13801	-0.07618
0.049305	0.088864	-0.1169	-0.016006	0.017433	-0.045526	-0.037513	-0.0060935	-0.030927	0.088136	-0.069077	-0.030134	-0.29783	0.067129	-0.067194	-0.030435	-0.17492	-0.033043	-0.1846	0.034018	-0.072915	0.023505	-0.023306	0.021355	-0.5504	0.053509	-0.056589	-0.088191	-0.064895	0.048401	-0.0246	0.0099255	-0.12236	-0.079856	-0.037967	0.10164	-0.073186	0.0040395	0.081474	-0.060674
0.068636	0.22926	-0.03312	0.1457	-0.0059351	0.16825	-0.086289	0.20543	-0.0056819	0.15154	-0.11604	0.19354	-0.53731	0.24458	-0.077699	0.17313	-0.19371	0.0662	-0.10481	0.1785	-0.075116	0.18634	-0.012454	0.17223	-0.37912	0.21901	-0.074047	0.18726	-0.019606	0.17262	-0.0071671	0.17291	-0.05536	0.09626	0.034736	0.33584	-0.12419	0.08953	-0.016572	0.075244
0.16513	0.19085	-0.0037542	0.030001	0.015573	0.11386	-0.029965	0.2149	-0.025806	0.14665	-0.097289	0.074514	-0.75667	0.15421	-0.062744	0.060683	-0.17155	0.024164	-0.093508	0.15931	-0.0015671	0.013754	0.083265	0.093902	-0.1218	0.13166	-0.083015	0.20584	0.016929	0.11811	-0.052462	0.14948	0.018157	0.054772	0.14076	0.19776	-0.0025928	0.030687	0.065314	-0.044383
0.2874	-0.057652	0.14449	-0.15247	0.059506	-0.042298	0.043903	0.032256	0.024155	-0.076677	-0.02554	-0.16335	3.5408	-4.4536	-0.026752	-0.12937	-0.099952	-0.17487	0.013808	-0.050984	0.063387	-0.26345	0.15705	-0.076789	0.20847	-0.15154	-0.077973	0.065181	0.11135	-0.11736	0.027665	-0.024636	0.14793	-0.068647	0.30298	-0.012106	-0.15678	-0.53557	0.010459	-0.21901
0.16305	0.11388	0.13655	-0.03056	0.15465	0.014908	0.16846	-0.07502	0.23754	0.043918	0.27511	-0.0087912	0.25406	0.23579	0.18889	-0.059357	0.16225	-0.019789	0.024824	0.071182	0.085116	-0.028563	0.046169	0.082422	-0.60534	-0.058118	0.24523	-0.16155	0.11002	0.03156	0.22218	-0.10742	0.11707	-0.055963	0.059777	0.016617	-0.0037218	0.087379	0.042681	0.06856
0.18778	-0.068817	0.03807	-0.22427	0.20543	-0.15707	0.14823	-0.14156	0.12102	0.021604	0.14465	-0.16627	0.011718	-0.086591	0.14098	-0.18273	-0.044889	-0.16386	-0.084144	-0.036751	0.054417	-0.15001	0.033639	-0.058414	-0.60135	-0.085556	0.17398	-0.25151	0.17951	-0.061048	0.17075	-0.17783	0.083517	-0.2576	0.04652	-0.080675	0.052873	-0.094028	0.088989	-0.11901
0.092312	0.043996	-0.10558	-0.1348	0.014355	0.011754	-0.014712	0.023763	0.057764	0.14863	-0.033824	-0.048715	-0.32327	0.016279	-0.033683	-0.11293	-0.18735	-0.06973	-0.22042	-0.015484	-0.040632	-0.083443	-0.040898	-0.00051401	-0.56364	0.0061145	0.023082	-0.077349	0.054473	0.0080861	0.029257	0.040444	0.028352	0.019173	0.00055068	0.045865	-0.13501	-0.075506	-0.0049412	-0.055569
0.12944	0.2137	-0.032252	0.1008	0.05121	0.17007	-0.05668	0.25912	0.060225	0.35285	-0.10086	0.19145	-0.51199	0.23092	-0.067367	0.12393	-0.19128	0.089801	-0.12888	0.27644	-0.037329	0.13824	-0.018099	0.19638	-0.41131	0.22934	0.048675	0.15238	0.056272	0.24366	0.033835	0.27624	0.039382	0.16974	0.094454	0.29958	-0.10627	0.07995	-0.024496	0.072495
-2.9095	-2.7258	0.027207	0.033799	0.084144	0.16276	-0.011206	0.19993	0.061184	0.24784	-0.044685	0.061239	-0.65368	0.21807	-0.074142	0.070443	-0.15479	-0.024015	-0.10435	0.18929	0.024459	-0.0078765	-2.7961	-2.134	-0.16958	0.13433	0.075212	0.20709	0.077995	0.14794	0.10906	0.31092	0.060024	0.17611	0.11252	0.22732	-0.10042	0.0034458	-0.044424	-0.02175
0.35724	-0.10222	0.14959	-0.27789	0.13785	-0.021733	0.13367	0.045711	0.16838	0.017587	-0.018333	-0.1205	6.5304	-0.59868	0.0021428	-0.19229	-0.086777	-0.10022	0.074176	0.018317	0.044478	-0.23219	0.1584	-0.070623	0.14251	-0.14992	0.086087	0.078017	0.084697	-0.048701	0.1549	-0.01411	0.20847	0.019515	0.28604	0.022185	0.17619	-0.040752	0.014418	-0.17579
0.038229	0.10234	0.0082656	-0.071683	-0.053233	-0.071644	0.055458	-0.097457	0.068236	0.097515	0.027072	-0.028229	0.035089	0.1885	0.029493	-0.11005	0.026077	-0.039585	-0.20936	0.032461	-0.020802	-0.10595	-0.14483	0.039501	-0.76829	-0.034827	0.17277	-0.15991	0.030989	-0.0092143	0.037659	-0.022533	-0.039043	-0.14027	-0.1158	-0.0076389	-0.065811	0.0045813	-0.0063955	-0.09093
-0.054173	-0.11903	-0.14868	-0.23769	0.009189	-0.1139	-0.046896	-0.21006	-0.023301	0.045329	-0.063212	-0.18747	-0.24942	-0.075154	-0.10689	-0.24047	-0.21681	-0.15655	-0.34954	-0.077786	-0.077133	-0.22933	-0.21487	-0.12299	7.3415	-3.3159	0.032901	-0.19828	-0.0063125	-0.13464	-0.091332	-0.15872	-0.1554	-0.18996	-0.13888	-0.16993	-0.34202	-0.068342	-0.18655	-0.036136
0.043281	-0.019304	-0.14397	-0.20287	0.0065553	-0.083243	-0.092405	-0.0026727	-0.065974	0.12022	-0.16689	-0.054739	-0.36493	-0.079587	-0.090918	-0.15222	-0.21727	-0.087593	-0.30053	0.011455	-0.027782	-0.10535	-0.18291	-0.034983	-0.63869	0.0063697	0.10881	-0.13169	0.0035473	0.020226	-0.12	-0.074384	-0.048535	-0.032263	-0.074583	0.00044815	-0.22922	-0.12687	0.060034	-0.12356
-0.033295	0.18563	-0.22294	0.073844	-0.090478	0.19609	-0.20627	0.30974	-0.095669	0.34323	-0.27345	0.20898	-0.58508	0.25197	-0.24387	0.056004	-0.33097	0.13732	0.79059	0.4317	-0.11527	0.1218	-0.26503	0.14266	-0.64794	0.25647	-0.065093	0.22493	-0.11047	0.23475	-0.12955	0.2921	-0.092209	0.23121	-0.16151	0.27417	-0.32185	0.012611	-0.20907	0.047289
0.10538	0.14818	-0.13701	0.012362	0.032981	0.17828	-0.11378	0.29446	-0.038869	0.36345	-0.27189	0.1202	-0.67433	0.28616	-0.16479	0.084873	-0.28369	0.14702	-0.30993	0.22888	-0.054155	0.099307	-0.13748	0.1091	-0.33619	0.23834	0.034498	0.23982	-0.054408	0.23209	-0.069415	0.25501	-0.017847	0.23106	0.15041	1.0293	-0.20414	0.067995	-0.031512	-0.062201
0.23568	-0.11867	0.034314	-0.11164	0.037087	-0.042792	0.55333	0.08278	0.039547	0.05481	0.20336	-0.2309	-0.81452	0.20865	0.93099	0.35764	-0.24266	-0.15509	-0.15075	-0.017485	-0.093751	-0.19113	-0.040875	-0.15361	-0.021035	-0.06752	0.033021	0.10514	-0.04119	-0.001028	0.028171	-0.032441	0.6455	1.8965	0.16979	-0.017594	-0.1628	-0.10982	0.03069	-0.1541
0.058752	0.14319	0.019955	-0.048224	0.040841	0.037511	0.10944	0.00055427	0.095815	0.14072	0.088064	-0.0021699	0.056531	0.098364	0.09178	0.023974	0.032818	0.035932	-0.23804	0.087012	0.062872	-0.02757	-0.20912	0.040903	-0.63041	0.049154	0.22221	-0.052721	0.11999	0.033461	0.085545	0.01828	0.091419	-0.053964	-0.034833	0.0024687	-0.033378	0.11622	-0.13081	0.14752
0.024128	-0.035088	-0.026154	-0.2238	0.015404	-0.056938	0.026226	-0.091982	0.089228	0.067521	-0.041076	-0.18752	-0.13529	-0.099352	0.061936	-0.19092	-0.069137	-0.14684	-0.28	0.012386	0.04886	-0.2076	-0.21676	-0.079229	-0.67825	0.011069	0.1156	-0.18489	0.080927	-0.11875	0.028035	-0.12322	0.037085	-0.049986	-0.047806	-0.056466	-0.24604	0.077054	0.082885	-0.11812
0.05684	-0.096852	-0.018962	-0.18448	0.059652	-0.029801	0.018087	-0.019866	0.11877	0.055235	-0.046533	-0.092422	-0.24373	-0.085469	0.0071542	-0.1737	-0.13309	-0.12052	-0.29847	-0.075296	0.064964	-0.14535	-0.18425	-0.066145	-0.59588	0.033146	0.15337	-0.12157	0.16898	-0.084609	0.032615	-0.060525	0.069008	-0.024378	-0.0040173	-0.01644	-0.22116	-0.19186	-0.047578	-0.17545
0.13189	0.10484	-0.029081	0.06797	0.058614	0.15111	-0.0071299	0.21175	0.066988	0.32041	-0.12117	0.11838	-0.33186	0.19352	0.017094	0.077877	-0.10843	0.14261	-0.25225	0.2412	0.074929	0.10891	-0.15662	0.12895	-0.40302	0.29656	0.17077	0.090159	0.055922	0.20876	0.077741	0.19989	0.10091	0.23148	0.043904	0.26598	-0.17336	0.075302	-0.013505	0.11312
0.20327	0.086673	-0.03006	0.031664	0.071925	0.22004	0.029409	0.30211	0.089164	0.27968	-0.11615	0.11784	-0.46174	0.29748	-0.049205	0.11116	-0.15477	0.12606	-0.17602	0.2305	0.015551	0.12307	-0.04757	0.099286	-0.21808	0.23626	0.16446	0.16908	0.083944	0.32734	0.088106	0.25803	0.098024	0.26606	0.12158	0.26507	0.63877	0.5887	-0.098993	-0.026325
0.35565	-0.13268	0.15606	-0.15752	0.15418	-0.036644	0.13138	0.034553	0.13687	0.01192	-0.049954	-0.16888	-0.52875	0.21405	0.04256	-0.084964	0.050402	-0.14269	-0.040981	0.038125	0.030841	-0.13046	0.081482	-0.10519	0.11627	-0.024092	0.20728	0.0015924	0.15287	0.051971	0.23341	-0.028611	0.26219	0.069716	0.30108	-0.021477	0.0074979	-0.11838	0.18441	-0.20031
-0.029108	0.20198	0.097522	-0.028095	0.021369	0.073708	0.00026987	0.09984	-0.013625	0.14767	-0.022129	0.097079	0.015971	0.16857	0.061373	0.023943	0.073074	0.079187	-0.17482	0.14613	0.054477	0.06881	-0.29138	0.12789	-0.56832	0.12883	0.11913	0.038234	0.0276	0.059122	-0.0011515	0.11227	0.087256	0.10005	-0.062401	0.046325	-0.052331	0.011006	-0.064571	0.01676
-0.040038	-0.052434	-0.047041	-0.17887	-0.0005381	-0.023901	0.0083733	-0.056931	0.040991	0.016772	-0.14306	-0.14539	-0.12088	-0.092742	-0.038074	-0.20398	-0.054047	-0.1063	-0.28419	0.0047352	0.007312	-0.17404	-0.27509	-0.083293	-0.6439	0.014937	0.08689	-0.13101	0.096026	-0.071976	-0.02063	-0.051521	0.018536	-0.0091768	-0.10332	-0.11873	-0.16864	-0.044782	-0.14106	-0.22702
0.050051	-0.16109	0.038434	-0.25559	0.033634	-0.12495	-0.0051843	-0.066943	0.002865	0.0053	-0.12175	-0.15836	-0.2037	-0.21584	-0.0020627	-0.19625	-0.074323	-0.15464	-0.27661	-0.08095	0.064504	-0.26184	-0.211	-0.19351	-0.51474	0.006982	0.10696	-0.17884	0.1156	-0.085195	-0.041883	-0.091535	0.11704	-0.10528	-0.012856	-0.11736	-0.1073	-0.26831	-0.042113	-0.24624
-3.9565	3.1819	-0.076606	0.083492	-0.029233	0.15629	-0.11491	0.2094	-0.024324	0.24901	-0.25994	0.1068	-0.32153	0.18207	-0.083044	0.081014	2.0078	2.5224	-0.29599	0.16491	0.038708	0.097193	5.1634	2.0702	-0.47682	0.23158	0.074698	0.10084	-0.00047652	0.20398	-0.03433	0.18565	0.061125	0.18955	-0.052801	0.20613	-0.2248	0.075449	0.0099663	-0.016481
0.16214	-0.03458	-0.0036674	0.086817	0.053465	0.10397	0.0035609	0.1987	0.077026	0.16634	-0.16935	0.022745	-0.34997	0.29516	-0.045408	0.10038	-0.11933	0.019123	-0.19286	0.19128	0.055972	0.10204	-0.13215	0.05538	-0.22391	0.15025	-2.3949	0.83625	0.083189	0.2307	0.049212	0.14303	0.188	0.602	0.10055	0.1918	-0.18389	-0.097997	0.078869	0.046463
0.3544	-0.23451	0.13501	-0.15248	0.14318	-0.097645	0.17449	0.0080083	0.14782	-0.069385	-0.026604	-0.20383	-0.31727	0.24663	0.038882	-0.1074	0.025334	-0.22956	0.019143	-0.10641	0.022655	-0.19319	0.037608	-0.18586	0.10048	-0.16423	0.22973	-0.030467	0.14988	0.028348	0.17233	-0.080628	0.26753	0.024791	0.25821	-0.066677	-0.11381	-0.1206	-0.013497	-0.22199
-0.2199	0.1987	-0.0040712	0.073214	-0.19524	0.10763	-0.080015	0.11734	-0.1561	0.1874	-0.17003	0.098965	-0.015138	0.1895	-0.00057503	0.085408	-0.0050448	0.06791	-0.30335	0.19651	0.0036855	0.065525	-0.48612	0.11245	4.6216	-0.17358	-0.031411	0.11904	-0.12189	0.10057	-0.090334	0.13096	0.040003	0.11214	-0.15315	0.070963	-0.26874	0.14977	-0.13425	0.027599
-0.18431	-0.056835	0.051266	-0.12922	-0.12997	-0.080516	-0.11607	-0.039861	-0.1038	0.0068017	-0.25028	-0.13558	-0.10294	-0.15023	-0.061466	-0.08775	-0.079418	-0.06974	-0.29442	0.071215	-0.0070817	-0.14875	-0.41212	-0.1015	-0.57525	0.03726	-0.0196	-0.10563	-0.044133	-0.10295	-0.10763	-0.079133	0.032227	-0.052342	-0.15366	-0.16898	-0.25586	-0.11131	-0.25333	-0.082821
-0.12185	-0.16982	-0.038915	-0.083621	-0.13866	-0.063243	-0.10759	-0.084601	-0.09468	-0.052334	-0.24172	-0.23517	-0.19607	-0.1962	-0.061384	-0.13148	-0.14274	-0.15286	4.8138	-1.2367	-0.057348	-0.134	-0.39534	-0.211	-0.57151	-0.021341	-0.021773	-0.21987	-0.0058289	-0.14546	-0.17067	-0.10663	0.11001	-0.020474	-0.13737	-0.15157	-0.26296	-0.16384	-0.17271	-0.16681
-0.054525	-0.032743	-0.079118	0.053694	-0.11633	0.12163	-0.089871	0.16474	-0.029718	0.093214	-0.32007	-0.037945	-0.21215	0.10841	-0.096903	0.093927	-0.080652	0.0045991	-0.25214	0.12672	-0.038081	0.06589	-0.2958	-0.033977	-0.42507	0.13807	0.013993	0.05647	0.017873	0.12482	-0.11268	0.057226	0.13966	0.15575	0.016288	0.24395	-0.11318	-0.011228	-0.03392	-0.0070434
0.085443	-0.095677	-0.86894	-0.18383	-0.079782	0.053773	-0.26329	-1.0233	0.044407	0.074601	4.8587	3.7677	-0.17352	0.22468	-0.072377	-0.56495	-0.097194	-0.032851	-0.20882	0.095449	0.032726	0.12177	-0.21832	-0.018733	-0.24791	0.10534	-0.18335	0.60451	0.041776	0.10259	-0.010883	0.093111	0.15556	0.24196	0.042036	0.10762	-0.16492	-0.022455	-0.0079927	-0.0028998
0.25677	-0.35812	0.10658	-0.10915	0.082808	-0.23567	0.11796	-0.1233	0.18934	-0.23083	-0.07036	-0.32055	-0.11923	0.21759	0.0051953	-0.085007	0.061082	-0.3217	-0.0059421	-0.13611	0.0092204	0.28394	-0.03694	-0.26502	0.052424	-0.25836	0.15259	-0.10571	0.12979	-0.040797	0.15969	-0.17338	0.3346	0.021709	0.23195	-0.14788	-0.06075	-0.16512	0.21572	-0.27789
-0.20498	0.25024	0.14399	0.14932	-0.31521	0.12073	-0.060289	0.10599	-0.15572	0.10728	-0.14901	0.12551	0.1179	0.048388	0.010619	0.13478	0.047223	0.18412	-0.018112	0.15947	0.015482	0.10186	-0.53291	0.16422	-0.29734	0.21522	-0.12493	0.1849	-0.15082	0.080703	-0.14539	0.1575	0.13456	0.099459	-0.083042	0.085147	-0.17763	0.1792	-0.18093	0.033105
-0.21195	-0.014155	0.051883	0.017814	-0.26192	-0.0061438	-0.1512	-0.019861	-0.20617	-0.027211	-0.2834	-0.09752	0.0087318	-0.20008	-0.0010979	-0.012238	0.008745	-0.051783	-0.16543	0.018288	-0.036463	-0.057414	-0.5186	-0.10039	-0.43618	0.10661	-0.14063	-0.06931	-0.12817	-0.12258	-0.17706	0.0073615	0.10287	0.037657	-0.13965	-0.071911	-0.15402	0.021589	-0.17666	0.086491
-0.12647	-0.11649	-0.04451	-0.0082506	-0.26395	-0.08559	-0.11588	0.0046887	-0.13474	-0.070032	-0.26376	-0.17826	-0.0064219	-0.18677	-0.094586	-0.034227	-0.13041	-0.098007	-0.2465	-0.054784	-0.037458	-0.046782	-0.45127	-0.15269	-0.42165	0.041098	-0.11771	-0.063015	-0.051993	-0.081312	-0.15886	0.0014791	0.089013	0.077264	-0.12523	-0.1044	-0.1263	-0.11553	-0.1948	-0.18321
-0.072325	-0.028268	-0.051258	0.14618	-0.20869	0.027792	-0.097053	0.094341	-0.076533	0.034668	-0.31426	-0.026998	0.040042	0.045387	-0.084545	0.13372	-0.071032	-0.02487	-0.23164	0.080028	-0.036586	0.089101	-0.36508	-0.052872	-0.3228	0.16988	-0.073495	-0.00028062	-0.031323	0.011522	-0.13973	0.06797	0.052883	0.20139	-0.02062	0.12499	2.7582	1.0904	-0.089315	-0.074325
0.075686	-0.17305	0.0066624	0.137	-0.10849	-0.022881	0.060382	0.083357	0.041767	0.0030096	-0.15622	-0.11642	0.15607	0.17073	-0.015017	0.12409	0.016096	-0.050707	-0.15088	0.051106	0.028517	0.098346	-0.25165	-0.06604	-0.10587	0.033101	0.050649	0.0085878	0.039194	0.12695	0.022723	0.014734	0.24993	0.21154	0.10439	0.080188	-0.18683	0.12252	0.13422	-0.075104
0.25019	-0.45274	0.12735	-0.043688	2.3361	1.3705	0.17269	-0.14865	0.17791	-0.38903	-0.064294	-0.38638	0.25491	0.1469	0.053221	-0.056604	0.20465	-0.36716	0.10016	-0.20017	0.074022	-0.012079	-0.083267	-0.337	0.24031	-0.34861	0.19425	-0.17017	0.093259	-0.11265	0.27371	-0.25816	0.3997	0.0012669	0.34376	-0.19636	0.05116	-0.18262	0.04156	0.55651
-0.30415	0.207	0.22294	0.24773	-0.43945	0.19355	-0.079654	0.1018	-0.12677	-0.044729	-0.22256	0.080042	0.26882	0.036203	0.072465	0.20653	0.17374	0.21943	0.14489	0.074613	-0.0062561	0.0652	-0.57576	0.070512	0.1869	0.11351	-0.23874	0.19634	-0.27528	0.019486	-0.13286	0.21921	0.13548	0.14186	-0.046676	0.0010955	0.20888	0.056681	-0.0066251	-0.12463
-0.24795	-0.00035753	0.046436	0.10545	-0.40237	-0.037943	-0.13174	-0.033719	-0.15969	-0.14267	-0.26099	-0.099475	0.19928	-0.20296	-0.032407	0.0089669	0.10648	-0.066072	-0.081321	-0.028189	-0.029776	-0.049648	-0.48272	-0.11615	-0.0066277	0.0065086	-0.25736	-0.041918	-0.22899	-0.066972	-0.22184	-0.013444	0.25029	0.024835	-0.081235	-0.14759	0.06229	-0.13965	-0.031524	0.051948
4.2804	-0.047431	-0.057026	0.087793	-0.37747	-0.12253	-0.16159	-0.015569	-0.11894	-0.21315	-0.36	-0.23571	0.15003	-0.21178	-0.072437	0.0059679	-0.8179	-0.015392	-0.13711	-0.025533	-0.059302	0.020589	4.5886	1.0833	-0.15872	-0.0013647	-0.24935	-0.063084	-0.23099	-0.11329	-0.1697	-0.040441	0.0077046	0.02847	-0.083267	-0.12532	-0.054976	-0.13116	-0.16603	-0.089623
-0.20147	-0.038249	0.070662	0.2711	-0.26202	0.032527	-0.074713	0.15584	-0.095258	-0.10482	-0.24184	-0.047441	0.35538	0.086208	-0.028039	0.26639	-0.035374	-0.036454	-0.10278	0.0045883	0.019067	0.22519	-0.41195	-0.073991	-0.033801	0.11981	-0.14253	0.0044449	-0.10257	0.052796	-0.096527	0.12268	-4.7393	-2.2067	0.041528	0.095221	0.18587	-0.0041024	0.014199	0.00063712
-0.041724	-0.24717	0.12432	0.20573	-0.22977	-0.098593	0.052895	0.022625	0.003236	-0.22015	-0.21955	-0.16588	0.46547	0.10938	0.017933	0.1911	0.055555	-0.14124	-0.031299	-0.031572	0.010701	0.14861	-0.26732	-0.16861	0.12732	-0.034369	-0.014526	-0.082279	-0.014168	0.02961	0.052016	-0.026749	0.22894	0.14198	0.17116	0.030142	-0.030302	0.072829	-0.0072024	-0.035766
0.12955	-0.57347	0.22313	0.01395	-0.019341	-0.29596	0.21537	-0.14181	0.32551	-0.25204	-0.016762	-0.4376	0.60565	0.17154	0.10724	-0.0097379	0.22205	-0.4128	0.18197	-0.27682	0.12115	0.071963	-0.051428	-0.3753	0.40068	-0.43562	0.13862	-0.25901	0.084575	-0.10794	0.33246	-0.27167	0.4615	-0.039696	0.3792	-0.18508	0.24513	-0.081917	1.0112	1.7086
