-0.18008	-0.10627	-0.065547	0.025692	-0.063768	-0.047619	0.20915	0.24149	-0.065483	-0.077699	-0.17485	-0.0048529	0.27363	0.11347	0.11185	-0.18647	0.19877	0.13952	-0.014596	0.20642	-0.088618	-0.06983	-0.29049	0.10992	0.30773	0.45115	-0.098218	-0.00523	0.25487	0.056349	0.52681	0.28522	-0.17025	-0.020668	-0.089713	0.079432
-0.020777	-0.064422	-0.15054	0.062036	-0.11989	-0.068844	0.081987	0.12381	-0.11953	-0.0097667	-0.2479	0.12809	0.09104	-0.0084728	-0.26429	-0.12818	0.098794	-0.037878	-0.09363	0.18758	0.059321	-0.086325	0.2658	0.011673	0.34196	0.076912	-0.15506	0.12688	0.33789	1.1871	0.37048	0.23249	-0.20605	0.0084365	-0.11752	0.11493
-0.16374	0.24188	-0.13633	0.27787	-0.17777	0.18824	0.071424	0.23002	-0.1445	0.25777	-0.24263	0.31723	0.11679	0.20421	-0.62722	0.028207	0.042249	0.1756	-0.22262	0.2987	-0.096543	0.13581	-0.0072377	0.0025111	0.16729	0.29026	-0.19145	0.30402	0.18193	0.46876	0.26589	0.34321	-0.12933	0.18929	-0.080711	0.29972
-0.020255	0.020579	-0.1258	0.084505	-0.16879	0.14019	-0.033524	0.028584	-0.17022	0.1438	0.0040937	0.1393	0.059171	0.014534	-0.49377	-0.073619	-0.026407	0.093726	-0.12063	0.003362	-0.11068	0.13391	0.14041	-0.090531	0.079461	0.14802	0.15869	0.023976	0.11417	-0.56559	0.15809	0.029152	-0.074808	0.10922	0.00081028	0.065352
-0.026939	0.20861	-0.25961	0.13882	-0.34766	0.18165	-0.084371	-0.0013878	-0.3664	0.23696	0.42339	0.16441	-0.15558	0.1074	-0.99181	-0.82276	-0.17661	0.02986	0.6146	0.2812	-0.14761	0.064272	-0.1474	0.1401	-0.13605	-0.1375	-0.19431	-0.044246	-0.21192	-0.28351	-0.11312	0.17015	-0.2756	0.17185	0.047658	0.052193
-0.14301	-0.17597	-0.22945	-0.1701	-0.38678	-0.078274	-0.35478	-0.3828	-0.34175	-0.071389	-0.53796	-0.63897	-0.26806	-0.19769	-0.039685	-0.028833	-0.23344	-0.32177	-0.62625	-0.41631	-0.070209	-0.13992	-0.09322	-0.13776	-0.10033	-0.53477	0.16015	-0.12909	-0.36709	-0.01725	-0.20261	-0.31657	-0.31874	-0.18284	-1.1491	-0.43557
-0.088284	0.062634	-0.20837	0.13532	-0.42269	0.30141	-0.29816	-0.045791	-0.39178	0.1924	-0.10648	0.42255	-0.33973	0.17051	-0.30497	-0.081395	-0.32863	0.028464	-0.63307	0.32292	-0.20744	0.064946	-0.25017	0.11556	-0.11378	-0.10973	0.045016	-0.049725	-0.59264	-0.10812	-0.30438	-0.026737	-0.30521	0.13699	-0.78641	0.022116
-0.054786	0.19275	0.048868	0.073819	0.1435	-0.10827	0.083731	0.22895	0.1726	-0.075047	-0.017449	0.26254	0.17788	0.075866	0.17661	0.37863	0.086978	-0.0048785	-0.073615	0.17798	-0.0097496	-0.0037151	-0.14545	0.19359	0.28211	0.078956	-0.055107	0.4046	-0.088866	0.015256	0.42875	0.19168	-0.022262	0.059188	0.011005	0.11201
-0.05639	0.12851	0.04031	0.030439	0.059506	-0.021488	0.035593	0.10232	0.1132	0.019279	-0.15015	0.20045	0.14581	0.042689	0.090107	-0.086901	0.015721	-0.09251	-0.086543	0.11892	0.0080372	0.1092	0.11178	-0.083003	0.18537	-0.16242	-0.17477	0.3843	0.86066	-0.35162	0.021064	0.06687	-0.040987	0.062806	-0.080323	0.14488
0.0023011	0.15941	0.050234	0.1837	0.076004	0.12953	0.074699	0.2143	0.10054	0.20404	-0.0297	0.27576	0.15153	0.15808	0.26383	0.30648	0.093795	0.1511	-0.061839	0.27989	-0.042285	0.14349	-0.16677	0.17434	0.15754	0.16027	-0.015026	0.13759	0.14766	1.0345	0.12459	0.18949	0.067938	0.15506	-0.013966	0.27848
0.11197	-0.079001	0.020307	0.045819	0.008853	0.083394	0.1148	0.00075127	-0.037275	0.0905	0.088281	0.19471	0.074271	0.0078443	-0.22625	-0.37048	0.079942	-0.011843	0.028055	0.16883	0.0094633	0.03182	-0.05904	0.028849	0.13611	0.12936	0.001457	-0.03059	0.18274	0.28444	0.01692	0.05244	0.030472	0.017057	0.0642	0.21227
0.13023	0.10153	0.012051	0.15144	-0.0080941	0.1639	0.15021	0.072134	-0.052615	0.15088	0.25744	0.092842	-0.0045087	0.09036	0.20028	0.026365	-0.00010834	0.10502	-0.10616	-0.14473	-0.038643	0.18048	-0.033195	0.11472	0.052678	0.05437	0.063014	-0.12962	0.13606	0.2445	0.16214	0.16345	0.016257	0.13075	0.2692	0.27447
0.059702	-0.18986	0.075246	-0.14532	-0.04089	-0.075318	0.01881	-0.32679	0.012846	-0.081034	-0.38539	-0.004266	-0.046349	-0.23561	-0.81907	-0.23387	-0.063889	-0.237	1.0314	-0.11413	0.065348	-0.07852	0.20964	0.0018369	0.020333	-0.39715	-0.11396	-0.23554	-0.25376	-0.076644	-0.36214	-0.29372	0.064144	-0.17627	0.67352	-0.31486
0.14089	0.22466	0.045841	0.24394	-0.092881	0.28115	-0.18313	0.082122	0.048911	0.32244	-0.38428	0.022341	-0.029701	0.20341	-0.65168	0.69871	-0.21357	0.0063256	-1.2111	-0.0094037	0.10342	0.22552	-0.022687	0.23856	0.11695	-0.070393	0.50031	0.34526	-0.43793	0.3608	-0.16567	-0.050747	0.04473	0.19915	-0.51806	0.32968
-0.25002	0.1938	0.11358	0.24505	0.25809	-0.0055846	-0.23589	0.32338	0.38519	0.14409	0.16508	0.558	0.1208	0.15467	-0.14661	0.3235	-0.087539	0.021856	-0.11897	0.39985	0.23197	0.10436	0.20689	0.41079	0.062537	-0.068406	0.067706	0.54563	0.26345	0.32701	0.31095	0.092571	0.030357	0.23178	0.065143	0.39283
-0.026693	0.13313	0.082019	-0.0015001	0.20204	-0.026698	-0.037413	0.032966	0.25885	-0.080539	0.12091	0.25726	0.077224	-0.061631	0.067694	0.19927	-0.050237	-0.1458	-0.057529	0.090093	0.095534	0.037116	0.11518	0.023015	0.015966	-0.16836	0.39489	0.4866	0.7586	1.1188	0.066273	0.036672	0.072721	0.020422	0.011046	0.094608
0.23263	0.00030863	0.12894	0.10116	0.25318	0.16265	0.22702	0.1022	0.14059	0.089692	0.0010483	-0.016873	0.12178	0.06414	0.51765	0.26385	0.20203	0.2029	0.093232	0.20317	0.10581	0.10879	0.11747	0.014053	-0.018381	0.41829	-0.15144	-0.25831	-0.38801	0.076457	0.1523	0.23932	0.22544	0.074882	0.09852	0.056056
0.10153	-0.034954	0.17278	-0.092111	0.17871	-0.010229	0.2729	-0.025487	0.13788	-0.036808	0.15813	-0.0098175	0.15321	-0.017749	0.50194	0.12811	0.17513	0.038505	0.067261	-0.039807	0.03777	-0.0046066	0.086499	-0.081919	0.066333	0.12739	0.1237	-0.073433	-0.87921	-0.13136	0.083712	0.083599	0.22132	-0.081026	0.13783	-0.07272
0.061422	0.085939	0.044382	0.027395	0.060019	0.12784	0.078358	0.072561	-0.014991	0.08546	0.27845	0.17204	0.012676	0.023405	0.22207	0.069439	0.017605	0.09629	0.048779	0.1262	-0.0052192	0.070463	0.018315	0.021693	-0.1213	-0.018983	0.035052	0.42136	-0.40887	0.035524	-0.10462	-0.02291	0.1005	0.05932	0.088961	0.12034
0.022141	-0.19917	0.021061	-0.25831	0.022609	-0.2163	0.086613	-0.35471	0.020875	-0.17981	1.2879	0.29272	-0.067738	-0.25626	0.19524	-0.18943	-0.038849	-0.24385	0.20954	-0.68804	0.082399	-0.21451	-0.014049	-0.18651	0.075528	-0.25414	0.40911	-0.60974	0.45792	-0.33245	-0.17877	-0.27822	0.10113	-0.29659	0.38149	-0.19199
0.033016	0.12393	0.082132	0.24106	-0.040845	0.14112	-0.1127	0.095829	0.16888	0.18073	-0.64619	0.62414	-0.10015	0.22614	-0.76045	0.21777	-0.22873	0.10263	1.1959	0.31215	0.066823	0.17464	0.046261	0.19225	0.01373	-0.16408	-0.27796	0.6773	-0.13396	0.23338	-0.27128	-0.077925	0.0094598	0.16075	0.87763	-0.27409
-0.041811	0.064882	-0.10385	0.22437	0.036674	0.059608	-0.45222	0.10193	0.23551	0.12283	0.033257	0.49591	-0.16625	0.14823	-0.33988	0.10082	-0.32228	-0.05717	-0.27981	0.13275	0.049183	0.050177	0.0098772	0.15251	0.18355	-0.21134	0.052857	0.6044	-1.0547	-0.056927	-0.054774	-0.14077	-0.14368	0.22464	-0.14963	0.31624
-0.086377	-0.059857	-0.07	-0.13978	0.046297	-0.10864	-0.13509	-0.099773	0.018064	-0.1124	-0.14984	-0.1382	-0.14334	-0.10503	0.072938	-0.11374	-0.0503	-0.023364	-0.14491	-0.12091	-0.033332	-0.027108	0.096768	-0.17243	-0.19574	0.18235	-0.28591	-0.33996	-0.5834	-0.763	-0.11064	0.0086499	-0.093935	-0.10396	-0.15405	-0.1219
0.12379	-0.044756	-0.015843	-0.026806	0.12477	0.027506	0.059756	0.03337	-0.047411	-0.008431	-0.075896	-0.32111	-0.058578	-0.02807	0.4736	0.25407	0.082702	0.065772	-0.12773	-0.068609	-0.14352	-0.0068816	-0.12059	-0.13053	-0.085518	0.023274	-0.046096	-0.48312	0.022924	-0.51585	0.019041	0.22235	0.023853	-0.010066	-0.11595	-0.1112
0.053671	-0.037673	-0.056251	-0.12109	0.021899	-0.0096816	0.047771	-0.065666	-0.051605	-0.10684	0.088409	-0.31268	-0.031211	-0.069808	0.73275	-0.037001	0.016381	0.014449	-0.071824	-0.26039	-0.066834	-0.089358	0.0043876	-0.05262	-0.18909	0.23454	0.28279	-0.29415	0.30589	-0.80776	-0.2567	0.068524	0.037212	-0.10671	-0.12887	-0.15197
-0.022281	0.033565	-0.02287	0.053585	0.012042	0.089331	0.031056	0.051964	0.018622	0.09675	0.37557	0.19102	-0.060613	0.022389	0.29147	0.055527	-0.030427	0.092868	-0.30083	-0.056056	-0.063494	0.12332	-0.10372	0.052237	-0.24056	0.2413	-0.18323	0.043667	0.87849	0.44548	-0.15337	0.15998	0.067875	0.096171	-0.094227	0.2229
-0.050093	-0.38361	-0.01842	-0.47464	-0.055385	-0.25952	0.17412	-0.40341	-0.053408	-0.40481	0.39968	-1.1688	-0.091869	-0.36822	0.62329	-0.36838	0.18623	-0.24684	0.34321	-0.68908	0.017167	-0.38583	0.010714	-0.37942	-0.084172	-0.23824	-0.074424	-0.47623	-0.083516	-0.81716	-0.33371	-0.14626	0.052323	-0.42507	0.22354	-0.5526
0.09504	-0.10351	0.082233	-0.078505	0.040635	0.024816	0.13699	-0.014368	-0.050139	-0.071881	-0.91706	-0.77145	0.036436	0.032063	0.1827	0.16927	0.024005	0.10991	0.57772	-0.34848	-0.072823	-0.05855	-0.16468	-0.031606	-0.14968	0.16774	0.052323	-0.30146	-0.07219	-0.083464	-0.15883	0.028633	0.086683	-0.066352	0.65897	0.079026
-0.26149	-0.21193	0.0037618	-0.039477	0.1093	0.035946	-0.17879	-0.024243	0.15122	-0.079745	-0.0010671	-0.034607	-0.070756	-0.03462	-0.05446	0.10875	-0.1279	-0.073818	0.088232	-0.035056	0.1715	-0.078527	0.063815	-0.09501	-0.062055	0.013663	-0.23402	-0.19708	-0.056479	-0.23591	-0.029321	0.17566	-0.007738	-0.013375	-0.021808	-0.040088
-0.1256	-0.077233	0.075398	-0.17372	0.13344	-0.1676	-0.030694	-0.15727	0.096641	-0.25101	0.18249	-0.090545	0.0027451	-0.1941	0.19772	-0.014835	0.038686	-0.14693	0.086883	-0.21227	0.077949	-0.13483	0.15205	-0.24314	-0.35919	-0.020596	-0.021273	0.011463	-0.64122	-0.30532	-0.03059	-0.099697	0.091922	-0.20213	0.020305	-0.23098
0.07939	0.049809	0.11145	-0.020182	0.12712	0.052352	0.015182	0.033211	0.037796	-0.0071886	-0.11981	0.080363	0.0081976	0.025007	0.29361	0.21545	0.080059	0.12163	-0.011567	-0.0098982	-0.036981	0.04287	0.046742	-0.18517	-0.23836	0.20648	-0.11417	0.15113	0.28832	-0.1505	-0.062704	0.14011	0.158	0.049051	0.032638	-0.026082
0.0051561	0.0017494	0.14876	-0.035392	0.19299	-0.032491	0.079206	-0.02878	0.16929	-0.040576	0.047388	-0.36311	0.03758	-0.039032	0.28248	0.11366	0.065686	-0.032082	-0.064615	-0.021984	0.03748	-0.014361	0.13544	-0.05139	-0.12711	-0.065174	-0.068906	-0.36636	0.36227	-0.12762	0.046887	-0.058926	0.17752	-0.02244	0.023161	-0.075047
-0.10634	0.15694	-0.031882	0.031065	0.018728	0.04267	-0.025177	0.060682	-0.045354	0.058187	0.043405	-0.38184	-0.10098	0.050475	0.37821	0.019631	-0.0033904	0.049843	-0.12697	0.012723	-0.03512	-0.023198	-0.083772	-0.0070704	-0.17573	0.26356	-0.066929	-0.17818	0.042265	-0.60717	-0.23412	0.1009	0.03273	0.043505	-0.11074	0.051979
-0.091378	-0.36826	-0.043024	-0.5471	0.012651	-0.3221	0.15018	-0.42563	-0.044192	-0.50236	0.63196	-0.6918	-0.043324	-0.37886	0.66743	-0.39142	0.1925	-0.27329	0.051465	-0.67156	-0.036886	-0.37497	0.013668	-0.38018	-0.22513	-0.05558	0.16877	-0.41224	-0.10252	-0.17327	-0.23273	-0.015468	0.051901	-0.42181	0.16621	-0.4853
-0.00343	-0.3873	0.088585	-0.30099	0.083503	-0.083621	0.32668	-0.15701	-0.09035	-0.2378	-0.2188	-0.16397	0.13474	-0.083549	0.83124	0.22848	0.2003	0.12347	0.49909	-0.32705	-0.12794	-0.16789	-0.105	-0.2672	-0.13886	0.33829	-0.29054	-0.5934	0.48728	-0.13956	-0.20061	0.18896	0.1646	-0.21181	0.25692	-0.46778
0.29396	-0.030837	0.093244	-0.17453	0.071007	-0.16253	0.037409	-0.18308	0.15238	-0.23402	0.21565	-0.62851	0.024529	-0.14859	0.097819	0.038365	0.052861	0.0060373	0.27212	-0.22926	0.1756	-0.13488	-0.028583	-0.04985	-0.30942	0.050178	0.32988	-0.40478	0.27007	-0.046327	-0.064149	-0.030785	0.084582	-0.11898	0.17581	-0.22888
-0.1261	-0.062158	0.15387	-0.27211	0.11418	-0.11688	0.028676	-0.23967	0.088602	-0.25408	-0.42776	-0.26281	0.0007079	-0.22998	0.15184	-0.051152	0.067575	-0.1087	0.17802	-0.25356	0.15234	-0.22432	0.13417	-0.14652	-0.029945	-0.097997	-0.1785	-0.33924	0.37951	-0.49465	-0.11669	-0.12511	0.074647	-0.23298	0.11406	-0.29965
0.099585	0.071069	0.21116	0.065756	0.16391	0.1309	0.069788	0.058276	0.20482	0.086357	0.23156	0.0050941	0.056356	0.043408	0.12937	0.24008	0.096995	0.1561	0.012889	0.077224	0.095734	0.08004	0.22173	0.16938	0.088683	0.22223	0.085724	0.084181	0.51573	-0.53252	0.064533	0.1408	0.15912	0.080383	0.11928	0.0010123
-0.030535	-0.16381	0.19005	-0.11443	0.19243	-0.057913	0.14134	-0.047012	0.15286	-0.13549	-0.3737	-0.12865	0.053035	-0.093549	0.30033	0.043136	0.13324	0.084543	0.099573	0.01252	0.092143	0.0023742	0.15171	-0.030115	-0.34997	-0.0086815	-0.082135	-0.09168	-0.85424	-0.35969	-0.024039	-0.061914	0.13266	-0.055978	0.073218	-0.1314
0.14566	0.037547	0.18437	0.1076	0.17152	0.076303	0.016682	0.12022	0.22442	0.076424	0.18445	0.0348	0.089997	0.098526	0.20585	-0.0057624	0.093816	0.074524	-0.096873	0.073976	0.14688	0.077234	0.19468	0.10626	-0.014924	-0.0057054	0.069063	0.014276	0.086928	-0.30486	0.051357	0.19738	0.18237	0.14185	-0.0064331	0.16378
0.040844	-0.29661	0.25913	-0.44292	0.24391	-0.31573	0.19307	-0.28781	0.23935	-0.45006	-0.52261	-1.0044	0.18632	-0.35978	0.58868	-0.40754	0.28427	-0.21188	0.2095	-0.37953	0.19257	-0.32842	0.17353	-0.29569	0.0020267	-0.070415	0.10821	-0.51135	0.66869	-0.35641	-0.052662	-0.18996	0.22335	-0.40703	0.051357	-0.40903
0.30916	-0.24035	0.2714	-0.25577	0.229	-0.13255	0.47597	0.050305	0.20751	-0.29175	1.1806	-0.95864	0.39298	-0.022056	0.80289	0.07585	0.43788	0.22731	0.4385	-0.14703	0.13465	-0.16266	0.056514	-0.17241	0.086059	0.29786	0.069583	-0.34388	-0.012466	0.22516	0.080091	0.1165	0.34173	-0.19797	0.53154	-0.30707
0.25199	-0.19937	-0.097892	-0.19395	-0.03878	-0.095616	-0.078317	-0.2988	-0.17218	-0.18982	0.16264	-0.57354	-0.16534	-0.18958	-0.053828	-0.023152	-0.01214	-0.13292	0.15448	-0.3055	-0.017137	-0.1289	-0.26983	-0.22425	0.0051211	-0.41312	-0.11519	-0.47613	0.29181	-0.40426	-0.25292	-0.1109	-0.080865	-0.16875	0.0010669	-0.32347
-0.13318	-0.018847	-0.13305	-0.13302	-0.025126	-0.092165	-0.14898	-0.24666	-0.060475	-0.11449	0.27711	0.39627	-0.20196	-0.15253	-0.24466	-0.13116	-0.17098	-0.047967	-0.051961	-0.18617	-0.062812	-0.029846	-0.050611	0.03411	-0.079438	-0.037249	0.037071	0.1988	1.1125	-0.62871	-0.10564	-0.30333	-0.090847	-0.073001	-0.060865	-0.17696
0.048297	0.024162	-0.033252	0.1701	0.02737	0.24849	-0.19055	0.10981	-0.02536	0.20506	-0.23532	0.20546	-0.095128	0.11567	-0.20184	0.16396	-0.17207	0.13536	-0.13449	0.15841	-0.10119	0.22911	-0.1189	0.065558	-0.2303	0.33557	-0.12554	0.037245	-0.1081	0.23795	-0.0085177	0.1788	-0.07082	0.23777	-0.094648	0.17238
-0.21334	0.31454	-0.081283	0.16195	-0.048966	0.0080856	-0.18428	0.063861	-0.038767	0.12344	0.068245	0.057181	-0.088502	0.05905	-0.25054	0.023373	-0.14228	0.055427	-0.24816	0.080371	-0.089637	0.1952	-0.15822	0.10426	-0.37338	0.26627	0.047941	0.24138	0.23784	0.22422	-0.17354	-0.011589	-0.13004	0.15843	-0.15641	0.16252
-0.23067	0.30826	-0.19982	0.2313	-0.19932	0.14962	-0.36856	0.16997	-0.091966	0.20405	-0.0096624	0.48186	-0.22808	0.15482	-0.32693	-0.017776	-0.23858	0.13878	-0.42084	0.16725	-0.11297	0.083832	-0.091502	0.12161	-0.27201	0.088276	-0.23033	0.32926	-0.87955	-0.10054	-0.21129	0.15407	-0.26007	0.24944	-0.32133	0.31501
-0.22519	-0.32618	-0.15109	-0.29288	-0.12292	-0.33418	-0.16396	-0.18236	-0.103	-0.2693	0.46584	-0.021917	-0.11597	-0.23778	0.0085199	-0.44156	-0.0056593	-0.25646	-0.095287	-0.16309	-0.079213	-0.30194	-0.08117	-0.25704	-0.03927	-0.31732	-0.10335	-0.14529	0.06379	-0.28223	-0.11513	-0.24449	-0.21509	-0.27305	-0.27971	-0.2606
-0.31754	0.21932	-0.19418	0.25509	-0.12592	0.052557	-0.3326	0.35208	0.043818	0.21374	-0.10421	0.94229	-0.081866	0.26791	-0.21507	-0.034722	-0.11301	0.091525	-0.25625	0.44751	-0.060384	0.16364	-0.094522	0.19428	-0.35733	0.16157	-0.27035	0.36624	-0.49737	0.42442	-0.21775	0.019354	-0.2055	0.14199	-0.29986	0.33895
0.33913	-0.084226	0.086728	-0.18949	-0.080213	0.091116	0.16062	-0.3026	-0.10719	-0.1652	-0.012627	-0.46952	-0.00038188	-0.1789	0.070883	-0.11176	0.13449	0.0066458	0.34267	-0.38002	-0.085519	-0.17661	-0.23611	-0.093633	0.60832	-0.50972	0.11482	-0.3561	-0.51636	0.32313	0.14282	-0.45179	0.21236	-0.20425	0.27663	-0.30313
-0.16548	0.056318	0.017422	-0.021482	-0.10624	-0.032243	-0.11146	-0.17297	-0.049058	-0.042898	-0.096541	0.036456	-0.13848	-0.06916	-0.22722	-0.16428	-0.14169	-0.030522	0.055241	-0.082159	-0.011682	-0.059909	0.10391	-0.080144	0.068496	-0.07976	-0.014375	-0.081343	-0.33791	0.24192	-0.034405	-0.33794	-0.075962	-0.0016431	0.06934	-0.10212
0.21518	0.32526	0.042396	0.20979	0.095547	0.15585	-0.016876	0.11423	0.034014	0.24221	-0.22149	0.0091452	0.011152	0.16222	-0.20952	0.15905	-0.038009	0.21696	0.01234	0.27415	-0.011132	0.27228	-0.15684	0.281	0.44699	-0.021944	-0.048039	0.082942	0.18588	0.26777	0.27189	0.058183	0.084003	0.24847	0.093598	0.21304
0.34759	0.20209	-0.0066347	0.15086	0.00091798	0.046348	-0.080439	0.16806	0.078317	0.19316	0.63404	0.22895	-0.018109	0.11179	-0.25598	0.082568	-0.12062	-0.022159	-0.053734	0.23486	0.044615	0.18263	-0.015203	0.26403	0.018154	-0.14903	0.23761	0.28285	0.85994	0.14921	0.15935	-0.15078	-0.095687	0.18971	-0.022073	0.25551
0.1042	0.057516	0.075849	0.31945	-0.0033559	0.09431	-0.084734	0.28188	0.12957	0.28613	0.028321	0.62889	0.083727	0.25937	-0.2354	0.13482	-0.15251	0.11254	-0.21191	0.40333	0.042524	0.30136	0.067848	0.31416	0.47834	-0.13327	0.070836	0.50227	-0.78027	0.72861	0.22566	0.096947	0.048586	0.26422	-0.074386	0.42574
0.05134	-0.27019	0.11826	-0.22361	-0.053869	-0.3712	0.14071	-0.052965	0.15743	-0.32924	-0.38613	-0.46167	0.14738	-0.19748	0.1695	-0.24798	0.26536	-0.20298	0.11899	0.002448	0.23434	-0.20333	0.24114	-0.18669	-0.019836	0.057037	0.084982	-0.10434	0.47731	0.091127	0.20507	-0.21633	-0.0014378	-0.26051	0.012217	-0.13241
0.49656	0.11812	0.093126	0.27454	0.13603	0.0020406	-0.0033196	0.43251	0.34857	0.16141	-0.45704	0.67813	0.28406	0.2204	-0.18793	0.10006	0.10295	0.050959	0.021679	0.49068	0.21889	0.10283	0.15517	0.2409	0.27921	0.098625	0.082878	0.56653	0.86926	0.80973	0.26338	-0.012378	0.095754	0.15471	-0.055109	0.28251
0.19373	-0.42944	-0.015485	-0.39193	-0.029615	-0.10035	0.38318	-0.47709	-0.39398	-0.3143	-0.12054	-0.79829	-0.026467	-0.22015	0.27999	-0.17148	0.31828	-0.078733	0.48677	-0.57542	-0.13616	-0.33501	-0.078757	-0.4674	0.37514	0.17456	0.1914	-0.62144	-0.52842	-0.59617	0.19974	-0.20558	0.13623	-0.36803	0.24434	-0.56904
0.81864	-0.83397	-0.076801	-0.10469	-0.1801	-0.02413	0.10515	-0.26325	-0.27779	-0.034343	-0.17881	-0.20213	-0.080917	-0.051506	-0.11221	-0.21636	-0.010712	-0.15341	0.06078	-0.2768	-0.14419	-0.11422	-0.034359	-0.16155	-0.070602	-0.57541	0.083897	-0.23177	-1.1163	0.25962	-0.10557	-0.068581	0.043541	-0.14083	0.017909	-0.20075
-1.6052	0.89776	-0.11239	0.41683	-0.11827	0.2968	-0.11812	0.17155	-0.2387	0.42278	-0.14517	0.26566	-0.14077	0.28422	-0.4993	0.073606	-0.28229	0.1484	-0.25688	0.28853	-0.08128	0.29071	0.0071085	0.31877	-0.28961	-0.045308	-0.03401	0.27131	0.21185	0.81244	0.19396	0.049573	-0.049611	0.3327	-0.1245	0.36151
0.5728	0.32767	-0.094337	0.28097	-0.083643	0.039676	-0.095175	0.17574	-0.18842	0.29106	-0.27776	0.65663	-0.033003	0.16753	-0.45527	0.037886	-0.21248	-0.025632	-0.25612	0.26854	-0.044875	0.20783	-0.0025781	0.26233	-0.17699	0.15141	0.0054654	0.35241	-0.16143	-0.2668	0.091844	-0.22472	-0.080058	0.23636	-0.1787	0.35138
-0.42529	0.28558	-0.22327	0.29936	-0.16777	0.091153	-0.15393	0.34054	-0.23562	0.34586	-0.22439	0.80935	-0.063292	0.22483	-0.46527	0.12044	-0.066901	0.052982	-0.39869	0.41615	-0.17934	0.24808	-0.13139	0.26943	0.27534	-0.29305	-0.13269	0.50877	0.03147	-0.21159	0.077092	0.092768	-0.18746	0.29248	-0.25801	0.36727
-0.045374	-0.040572	-0.15794	-0.12889	-0.22377	-0.26528	-0.024292	-0.0032229	-0.20158	-0.19895	0.19275	0.0379	-0.0068166	-0.13284	-0.23869	-0.21816	-0.0032792	-0.24315	-0.2173	0.0077259	-0.018874	-0.1645	0.041011	-0.12811	0.15132	-0.22061	-0.011354	-0.00077075	-0.070591	0.27149	0.089885	-0.2584	-0.21527	-0.22496	-0.22913	-0.090519
-0.24468	0.09846	-0.12544	0.24748	-0.11885	0.025102	0.023756	0.42611	-0.056706	0.20692	-0.026276	0.26043	0.12778	0.24926	-0.24837	0.16758	-0.017706	0.13303	-0.15686	0.48773	-0.076503	0.086	-0.044557	0.12277	0.2011	0.15052	0.010859	0.4128	-0.12895	0.27061	0.16039	0.14766	-0.19434	0.15015	-0.11545	0.36638
