1.450108353310539542e+02 1.931996624929595185e+01 1.074788250183604305e+03 1.000000000000000000e+00
1.792263178322281760e+02 7.574131505028975475e+00 1.070095769331952397e+03 1.000000000000000000e+00
2.131532944328605481e+02 -4.194609021731666054e+00 1.065488883631751378e+03 1.000000000000000000e+00
2.467714362191662190e+02 -1.564510923656385266e+01 1.060844251992431055e+03 1.000000000000000000e+00
-6.145021897605708716e+00 7.749749347871306782e+01 1.201880174584583301e+03 1.000000000000000000e+00
3.289426638958290994e+01 6.309176498652873732e+01 1.198201943090060695e+03 1.000000000000000000e+00
1.017995581452160962e+02 3.838048245279060211e+01 1.191749535632920015e+03 1.000000000000000000e+00
1.699688973315791714e+02 1.421190104246849906e+01 1.185381542212309796e+03 1.000000000000000000e+00
2.117304094833594945e+02 -8.590656641664309312e-01 1.181465688534529818e+03 1.000000000000000000e+00
2.498323966777550709e+02 -1.464682307134889250e+01 1.177890895867315066e+03 1.000000000000000000e+00
2.873333898455957751e+02 -2.801147276573520983e+01 1.174383921467950131e+03 1.000000000000000000e+00
3.246088622191036848e+02 -4.148730157861901091e+01 1.170887387778928087e+03 1.000000000000000000e+00
3.616658275054509772e+02 -5.471701385435245157e+01 1.167420641775452850e+03 1.000000000000000000e+00
-2.321506400285931022e+02 1.420130733913699714e+02 1.087181592703676642e+03 1.000000000000000000e+00
-1.891145131464180622e+02 1.273131007621021098e+02 1.077991341226482064e+03 1.000000000000000000e+00
-1.529051965386581742e+02 1.151082374740258274e+02 1.070266667452148795e+03 1.000000000000000000e+00
-1.172125485158158540e+02 1.033435815099361861e+02 1.062664814666417897e+03 1.000000000000000000e+00
-8.167379564472511788e+01 9.158231509273353765e+01 1.055093497207646124e+03 1.000000000000000000e+00
-4.250717537976117910e+01 7.813737230505385867e+01 1.046726410895209483e+03 1.000000000000000000e+00
1.660272690669697582e+01 5.823991942621056950e+01 1.034117515464389498e+03 1.000000000000000000e+00
5.456433753640533979e+01 4.567793458550188745e+01 1.026030075156398198e+03 1.000000000000000000e+00
8.737527565232547033e+01 3.402156000160129423e+01 1.019002122846926568e+03 1.000000000000000000e+00
1.646775014067912366e+02 1.252775226002666997e+01 1.002726955323882180e+03 1.000000000000000000e+00
1.960272140644877652e+02 3.163040584777557118e+00 9.960959229320245640e+02 1.000000000000000000e+00
-2.558371998720463978e+02 1.493416236198391118e+02 1.185452376108484714e+03 1.000000000000000000e+00
-2.051696087491917240e+02 1.313638832745058380e+02 1.173866811228140477e+03 1.000000000000000000e+00
-1.337254747364429761e+02 1.064797143328813291e+02 1.157684847119242704e+03 1.000000000000000000e+00
-8.920481485213711892e+01 9.083238470826552202e+01 1.147554356792867793e+03 1.000000000000000000e+00
-4.994698365625905723e+01 7.703250095434056277e+01 1.138620658598922091e+03 1.000000000000000000e+00
-1.277219077036367345e+01 6.422384853710660479e+01 1.130246864511690546e+03 1.000000000000000000e+00
2.385698546456213975e+01 5.120175141824707055e+01 1.121862867779954286e+03 1.000000000000000000e+00
5.994928949436455667e+01 3.851489638439085894e+01 1.113649626438870428e+03 1.000000000000000000e+00
9.551535486714172407e+01 2.595569140721791257e+01 1.105537128498047878e+03 1.000000000000000000e+00
1.305707139384599031e+02 1.367358837203501132e+01 1.097573203643112038e+03 1.000000000000000000e+00
1.651131045176847465e+02 1.333901968552123618e+00 1.089647130974542279e+03 1.000000000000000000e+00
1.991746401825259341e+02 -1.058709753041987334e+01 1.081913263061175257e+03 1.000000000000000000e+00
-1.275724316819070481e+02 1.076803645350583167e+02 9.776308109948390666e+02 1.000000000000000000e+00
-9.510011320609167740e+01 9.623460387231712332e+01 9.711470489589149793e+02 1.000000000000000000e+00
-6.305560571659486868e+01 8.525904845068535565e+01 9.647476256798601071e+02 1.000000000000000000e+00
-1.358902720434688405e+01 6.795771268902112183e+01 9.548701564390844396e+02 1.000000000000000000e+00
1.800926926882212342e+01 5.701212432145293008e+01 9.485602597559518472e+02 1.000000000000000000e+00
4.858520799440770332e+01 4.633144653726888151e+01 9.424548211524171393e+02 1.000000000000000000e+00
7.877009138130100041e+01 3.566812670470958579e+01 9.364278730335308865e+02 1.000000000000000000e+00
1.085713225418993488e+02 2.525408531047249383e+01 9.304771424209052384e+02 1.000000000000000000e+00
1.379962258457556459e+02 1.489619923558602821e+01 9.246018125781407662e+02 1.000000000000000000e+00
1.670518170284358348e+02 4.747874572872936128e+00 9.187999544137878729e+02 1.000000000000000000e+00
1.957451262919981900e+02 -5.404137224020758801e+00 9.130708784822099915e+02 1.000000000000000000e+00
2.240822462459864823e+02 -1.470447869584246092e+01 9.074104622808262093e+02 1.000000000000000000e+00
-6.048998468267251383e+01 8.570372635926973715e+01 1.005666464348037266e+03 1.000000000000000000e+00
-2.766816714262534305e+01 7.463880319563733678e+01 1.003077223670125818e+03 1.000000000000000000e+00
4.984911925008632672e+00 6.400071854066962374e+01 1.000468565236861309e+03 1.000000000000000000e+00
3.746989849958248442e+01 5.302312697971022715e+01 9.979082161549687271e+02 1.000000000000000000e+00
6.978891718105445818e+01 4.212178785951801530e+01 9.953591639009003984e+02 1.000000000000000000e+00
1.019446049304172988e+02 3.112466986807997316e+01 9.928363411348948375e+02 1.000000000000000000e+00
1.339361580288178857e+02 2.031410435723975283e+01 9.903148578355188647e+02 1.000000000000000000e+00
1.850800216298017062e+02 4.407648467631182676e+00 9.861621072681451778e+02 1.000000000000000000e+00
-1.893434032805129732e+02 1.306560451342233478e+02 1.136245433757027968e+03 1.000000000000000000e+00
-1.521457956288751632e+02 1.180357330086193599e+02 1.134792554378399245e+03 1.000000000000000000e+00
-1.150401881328915294e+02 1.055603779549421830e+02 1.133313781519634404e+03 1.000000000000000000e+00
-7.655406557160026182e+01 9.254909491390819198e+01 1.131798599666408109e+03 1.000000000000000000e+00
-3.964653904026980769e+01 7.991355155116507092e+01 1.130386512822252143e+03 1.000000000000000000e+00
-2.830768327994343192e+00 6.765499040519911489e+01 1.128888351269129998e+03 1.000000000000000000e+00
3.389036176133370049e+01 5.506585832666015534e+01 1.127487907481335924e+03 1.000000000000000000e+00
7.051820800615517726e+01 4.264996674542062038e+01 1.126054401063445766e+03 1.000000000000000000e+00
1.070555315183205352e+02 3.016317660760184438e+01 1.124650771923731554e+03 1.000000000000000000e+00
1.435002089333229094e+02 1.775877428018308990e+01 1.123237551801056725e+03 1.000000000000000000e+00
1.798552697380348775e+02 5.339839245531826428e+00 1.121839481585585190e+03 1.000000000000000000e+00
2.161364080741204248e+02 -7.385574591032222358e+00 1.120530252022964078e+03 1.000000000000000000e+00
-2.489401093398084015e+02 1.539607846317700250e+02 1.276800390428845276e+03 1.000000000000000000e+00
-2.043420637399528630e+02 1.378225631018512161e+02 1.258217716314965401e+03 1.000000000000000000e+00
-1.610244031145379893e+02 1.222617240147106799e+02 1.240174654235795970e+03 1.000000000000000000e+00
-1.189337170627499347e+02 1.075414876938763484e+02 1.222664094357503473e+03 1.000000000000000000e+00
-7.720575158786067504e+01 9.221961222712728556e+01 1.205265385871092121e+03 1.000000000000000000e+00
-3.743343478496885979e+01 7.786460877271251491e+01 1.188695431170671554e+03 1.000000000000000000e+00
1.260132793474429524e+00 6.385701692710408395e+01 1.172572657249045051e+03 1.000000000000000000e+00
3.891835413539547517e+01 5.036019644201659418e+01 1.156888577381982486e+03 1.000000000000000000e+00
7.558179126249044089e+01 3.702741016295818355e+01 1.141608492030148909e+03 1.000000000000000000e+00
1.112904708407833141e+02 2.426060548472357326e+01 1.126738044216265052e+03 1.000000000000000000e+00
1.460790558665626122e+02 1.155565030234222057e+01 1.112236441481412612e+03 1.000000000000000000e+00
1.799843161257774682e+02 -7.313202019462643477e-01 1.098108165164762340e+03 1.000000000000000000e+00
2.130386344176358762e+02 -1.274870164936493389e+01 1.084332396330572692e+03 1.000000000000000000e+00
-9.229320660239015695e+01 1.095130000694223043e+02 1.207519171341966512e+03 1.000000000000000000e+00
-2.600971365034190441e+01 8.495293587340722752e+01 1.179734530370827088e+03 1.000000000000000000e+00
1.374908673140638271e+01 7.018328494859244415e+01 1.163066683915412568e+03 1.000000000000000000e+00
8.677683061894369132e+01 4.303069298383994834e+01 1.132450547308076466e+03 1.000000000000000000e+00
1.223904965508737206e+02 2.994935618018363499e+01 1.117527498539304133e+03 1.000000000000000000e+00
1.567368856215726964e+02 1.704170726856327533e+01 1.103121601370990902e+03 1.000000000000000000e+00
1.902086044856321791e+02 4.407108969416433375e+00 1.089079921301567310e+03 1.000000000000000000e+00
2.228401032863292528e+02 -7.778429641849125886e+00 1.075396990666872853e+03 1.000000000000000000e+00
2.546607597579028948e+02 -1.976429884501426670e+01 1.062049157936428401e+03 1.000000000000000000e+00
2.857034265525268779e+02 -3.126412155816424487e+01 1.049036843136248081e+03 1.000000000000000000e+00
-1.942346119457827172e+02 1.317234949121305760e+02 1.083051067553867824e+03 1.000000000000000000e+00
-1.595032857739156213e+02 1.204050830291370460e+02 1.086724516587447852e+03 1.000000000000000000e+00
-1.245301839121186447e+02 1.092215791074244748e+02 1.090375921696443584e+03 1.000000000000000000e+00
-8.260606569936319943e+01 9.573468103114466032e+01 1.094771022628547826e+03 1.000000000000000000e+00
-4.354895559410604022e+01 8.339729143295562608e+01 1.098814937903216332e+03 1.000000000000000000e+00
2.623831811733360553e+00 6.834958782794933541e+01 1.103698677299940755e+03 1.000000000000000000e+00
5.356202347581837842e+01 5.188853990321474186e+01 1.109055330324986016e+03 1.000000000000000000e+00
1.064619365932663442e+02 3.486809929685027498e+01 1.114601666201646367e+03 1.000000000000000000e+00
1.713908753393602922e+02 1.385660469622370705e+01 1.121436098241154241e+03 1.000000000000000000e+00
2.127050143051224325e+02 1.567078694097531866e+00 1.125544179608373724e+03 1.000000000000000000e+00
-7.161771477623079818e+01 9.659102516991518428e+01 1.153206695140911506e+03 1.000000000000000000e+00
-3.387419878760941572e+01 8.352417805052257904e+01 1.146830233926264327e+03 1.000000000000000000e+00
3.454216652954529287e+00 7.050219598119295483e+01 1.140522911422313200e+03 1.000000000000000000e+00
5.137168166761300370e+01 5.380701698371681374e+01 1.132426582173289944e+03 1.000000000000000000e+00
1.277136977560459741e+02 2.719674263015375715e+01 1.119527409932887167e+03 1.000000000000000000e+00
1.632904876040054774e+02 1.474584972087079393e+01 1.113515656863467939e+03 1.000000000000000000e+00
1.984872108224373335e+02 2.416677004705831244e+00 1.107568014305757060e+03 1.000000000000000000e+00
2.436851993315138714e+02 -1.318989318329512272e+01 1.099932590897074306e+03 1.000000000000000000e+00
-5.515285364345032804e+01 9.807930150188734331e+01 1.146634175239965771e+03 1.000000000000000000e+00
-1.380271053750658083e+01 8.269251657043530201e+01 1.124243587467414955e+03 1.000000000000000000e+00
5.048562213139452126e+01 5.876869259432560710e+01 1.089432184672334188e+03 1.000000000000000000e+00
1.037219474792965315e+02 3.890112800071189980e+01 1.060602677737848126e+03 1.000000000000000000e+00
1.426242168585760624e+02 2.437432796785788724e+01 1.039535206996509714e+03 1.000000000000000000e+00
1.926481010202984407e+02 5.438042701536762280e+00 1.012432866340972851e+03 1.000000000000000000e+00
2.220679523232642794e+02 -5.588226559867096377e+00 9.964987011530723748e+02 1.000000000000000000e+00
2.505752112617313685e+02 -1.635771134487728773e+01 9.810548275167645897e+02 1.000000000000000000e+00
-1.960708875664233517e+02 1.371240082507122793e+02 1.149656052034019694e+03 1.000000000000000000e+00
-1.483135643652599640e+02 1.212659742023671043e+02 1.145150772181050343e+03 1.000000000000000000e+00
-1.099237701824812063e+02 1.080912566471401988e+02 1.141504636791833036e+03 1.000000000000000000e+00
-7.252467008395301207e+01 9.562822581067440808e+01 1.137973962323937258e+03 1.000000000000000000e+00
-3.535572801419395716e+01 8.297505827119485389e+01 1.134449676208833807e+03 1.000000000000000000e+00
1.583716110914131114e+00 7.057928277247971494e+01 1.130957456228836008e+03 1.000000000000000000e+00
3.829637785362653801e+01 5.823078338861031256e+01 1.127485018937017912e+03 1.000000000000000000e+00
7.478367642771685553e+01 4.579715990744859511e+01 1.124024646140920595e+03 1.000000000000000000e+00
1.110483725012789478e+02 3.355971887259084241e+01 1.120592301806366095e+03 1.000000000000000000e+00
1.478104494159454134e+02 2.109377652809850545e+01 1.117109394589080921e+03 1.000000000000000000e+00
1.836308732002649151e+02 8.983659797948902792e+00 1.113717800387227953e+03 1.000000000000000000e+00
2.192374870596355549e+02 -2.781652789423578298e+00 1.110362116961937772e+03 1.000000000000000000e+00
-2.002196007062804881e+02 1.280863161070263061e+02 1.081087265498110582e+03 1.000000000000000000e+00
-1.654772868107578176e+02 1.167703321774056349e+02 1.084128663558340122e+03 1.000000000000000000e+00
-1.305394106751354570e+02 1.054407274985570808e+02 1.087191126553128470e+03 1.000000000000000000e+00
-9.540420008424702303e+01 9.413641010685815047e+01 1.090277920352427827e+03 1.000000000000000000e+00
-6.006830440803361881e+01 8.262762781491063890e+01 1.093371323922636520e+03 1.000000000000000000e+00
-2.453134359170820389e+01 7.106458259032304170e+01 1.096483213494298980e+03 1.000000000000000000e+00
1.120848556961693632e+01 5.944115557903761982e+01 1.099613311138107065e+03 1.000000000000000000e+00
4.715275889381560148e+01 4.769480084853105950e+01 1.102756867747445312e+03 1.000000000000000000e+00
8.330357476321015042e+01 3.595452920070355418e+01 1.105924284588799765e+03 1.000000000000000000e+00
1.196623664874391437e+02 2.411265826843005300e+01 1.109107240485902139e+03 1.000000000000000000e+00
1.562289458858037108e+02 1.201525689077142900e+01 1.112293587135491407e+03 1.000000000000000000e+00
1.930083677876231150e+02 1.591300330498008871e-03 1.115510624817342432e+03 1.000000000000000000e+00
2.326183130603491236e+02 -1.176026577025863240e+01 1.119067920906179097e+03 1.000000000000000000e+00
-1.441998912444033465e+02 1.026728583256482068e+02 9.508151300068485625e+02 1.000000000000000000e+00
-1.120805162490593005e+02 9.178346669881766218e+01 9.436952049519780985e+02 1.000000000000000000e+00
-8.074665428207399032e+01 8.066287303208754622e+01 9.367160986171688819e+02 1.000000000000000000e+00
-4.987374831590711466e+01 6.995315537063105182e+01 9.298562170835210736e+02 1.000000000000000000e+00
-1.944980012533254765e+01 5.944166919639776125e+01 9.230989373239351607e+02 1.000000000000000000e+00
1.053503328256978477e+01 4.892254096235441096e+01 9.164285184358943752e+02 1.000000000000000000e+00
4.009011729512281619e+01 3.872169580948929735e+01 9.098649163202783257e+02 1.000000000000000000e+00
6.922401680333052809e+01 2.849989462854737710e+01 9.033837160985425498e+02 1.000000000000000000e+00
9.794582827649497858e+01 1.842726455713989253e+01 8.969944971328158090e+02 1.000000000000000000e+00
1.262653521046566567e+02 8.618711062903603448e+00 8.907030018556608866e+02 1.000000000000000000e+00
1.541883961027443206e+02 -1.228935911436002781e+00 8.844877786525255488e+02 1.000000000000000000e+00
1.817252261461916305e+02 -1.088197512577093207e+01 8.783624302331346598e+02 1.000000000000000000e+00
2.088856540188336623e+02 -2.024691556501793954e+01 8.723312631519549996e+02 1.000000000000000000e+00
-4.522115591793545519e+01 9.535950069099945381e+01 1.243156700780702522e+03 1.000000000000000000e+00
-4.703582147160888738e+00 8.090701066917506523e+01 1.234469205067267922e+03 1.000000000000000000e+00
8.325162290251068953e+01 4.938587082329645028e+01 1.215600373023012025e+03 1.000000000000000000e+00
1.442304066371130773e+02 2.755874229117119256e+01 1.202520525822924583e+03 1.000000000000000000e+00
1.821505636092879286e+02 1.393646863374125289e+01 1.194383377482469314e+03 1.000000000000000000e+00
2.195589860201143040e+02 3.341176316036643668e-01 1.186344850205815419e+03 1.000000000000000000e+00
2.564680928474963935e+02 -1.302636889705061662e+01 1.178417735607971508e+03 1.000000000000000000e+00
2.928880969198854132e+02 -2.615589527153671412e+01 1.170599348186765610e+03 1.000000000000000000e+00
3.288288847476460433e+02 -3.906505670332987989e+01 1.162887085563280834e+03 1.000000000000000000e+00
-1.728946925299275676e+02 1.209277771213883312e+02 1.031489668450842373e+03 1.000000000000000000e+00
-1.385132012194160325e+02 1.090230513566947081e+02 1.025638984770824209e+03 1.000000000000000000e+00
-1.045191843154983644e+02 9.740296288944864500e+01 1.019850839776297562e+03 1.000000000000000000e+00
-4.528108888968682777e+01 7.712734928817992852e+01 1.009764993853023952e+03 1.000000000000000000e+00
2.414681355489022252e+01 5.314732346293872212e+01 9.979491303230330459e+02 1.000000000000000000e+00
7.579653591557098480e+01 3.543395447596292769e+01 9.891560681510575250e+02 1.000000000000000000e+00
1.539093152702599525e+02 8.517979325948669356e+00 9.758606946115780829e+02 1.000000000000000000e+00
1.877523744507211347e+02 -3.186461313381825811e+00 9.701013229443533419e+02 1.000000000000000000e+00
-3.015928907621942017e+02 1.850299958581695989e+02 1.418877416368116656e+03 1.000000000000000000e+00
-2.531737443254648952e+02 1.683281322033455467e+02 1.406586967071114714e+03 1.000000000000000000e+00
-2.055784035921441557e+02 1.522696788510930048e+02 1.394454614337082148e+03 1.000000000000000000e+00
-1.587967457179805706e+02 1.365067054309618584e+02 1.382526699960881842e+03 1.000000000000000000e+00
-1.128060622052104236e+02 1.212248586495284712e+02 1.370769985015985867e+03 1.000000000000000000e+00
-6.759362450837727465e+01 1.058309390699899097e+02 1.359264851197604457e+03 1.000000000000000000e+00
-1.433039196003358562e+01 8.778559936266167085e+01 1.345698305555815068e+03 1.000000000000000000e+00
2.924988228685662150e+01 7.310842422248022388e+01 1.334585639498522823e+03 1.000000000000000000e+00
1.042296914182909120e+02 4.770701124640357449e+01 1.315487519268992855e+03 1.000000000000000000e+00
1.458827439793902840e+02 3.364714995210022863e+01 1.304870789215012564e+03 1.000000000000000000e+00
2.066621587371982969e+02 1.547447138729852689e+01 1.289046294605554749e+03 1.000000000000000000e+00
-1.147261133355233369e+02 1.381892347035741295e+02 1.410850925988753033e+03 1.000000000000000000e+00
-6.874567793559039330e+01 1.229891764696581049e+02 1.410135960165780489e+03 1.000000000000000000e+00
-2.281103268445097498e+01 1.080592826356753307e+02 1.409372999278541783e+03 1.000000000000000000e+00
2.307461958792204015e+01 9.292582951444728678e+01 1.408652770748156399e+03 1.000000000000000000e+00
9.456125550417907277e+01 6.945904698623077422e+01 1.407509681418723858e+03 1.000000000000000000e+00
1.668508884634274807e+02 4.552239969847733647e+01 1.406393146320743199e+03 1.000000000000000000e+00
2.125436701944686888e+02 3.042428806631875204e+01 1.405681344101130662e+03 1.000000000000000000e+00
